19 21 24 27 24
85 87 89 92 93 96 98 98
2 5 6 7 8 12
63 66 69 72 75 82
18 21 23 26 28 26 27 28
16 19 21 19 20 22 23 22
37 39 37 38 41 42 44 44
18 20 17 20 24
50 51 54 53 58
73 76 77 80 83 83 84 85
30 31 33 33 36 39 40 37
50 52 52 53 54 55 55
49 52 54 56 59 59 63
42 44 46 46 49 52 53 59
40 43 45 49 52 54
87 89 93 96 95
66 69 70 71 73 77 78 78
30 32 33 36 39 43 47
8 9 12 16 18 21 22 28
80 83 84 85 91 92
75 76 77 84 87 89 88
8 10 12 17 18 21 22 22
14 15 20 23 26 29 33
13 15 18 23 26 33
43 41 43 44 45 47 49
77 74 77 78 79 82 79
55 53 54 55 55
73 70 72 75 78 79 81 85
46 44 46 49 50 51 57
72 70 69 72 73 75 78
57 55 53 54 57 59 60 57
21 19 20 22 21 23 23
11 9 10 13 10 12 13 17
36 33 34 33 34 35 42
39 38 38 41 44
75 72 75 75 78 75
56 53 56 56 56
36 33 36 38 38 40 44
55 54 54 55 57 58 65
27 25 28 31 35 37 39
